  0 0.337916
  1 0.337916
  2 0.337578
  3 0.336936
  4 0.33602
  5 0.334859
  6 0.333475
  7 0.331892
  8 0.330129
  9 0.328205
  10 0.326135
  11 0.323934
  12 0.321616
  13 0.319191
  14 0.316671
  15 0.314065
  16 0.311382
  17 0.308629
  18 0.305813
  19 0.302941
  20 0.300019
  21 0.29705
  22 0.294041
  23 0.290995
  24 0.287915
  25 0.284806
  26 0.281669
  27 0.278508
  28 0.275326
  29 0.272124
  30 0.268904
  31 0.265668
  32 0.262418
  33 0.259155
  34 0.255881
  35 0.252596
  36 0.249302
  37 0.245999
  38 0.242689
  39 0.239371
  40 0.236048
  41 0.232719
  42 0.229385
  43 0.226047
  44 0.222705
  45 0.219359
  46 0.21601
  47 0.212657
  48 0.209303
  49 0.205945
  50 0.202586
  51 0.199225
  52 0.195862
  53 0.192497
  54 0.189132
  55 0.185764
  56 0.182396
  57 0.179027
  58 0.175657
  59 0.172285
  60 0.168914
  61 0.165541
  62 0.162168
  63 0.158795
  64 0.155421
  65 0.152046
  66 0.148671
  67 0.145296
  68 0.141921
  69 0.138545
  70 0.135169
  71 0.131792
  72 0.128416
  73 0.125039
  74 0.121662
  75 0.118286
  76 0.114908
  77 0.111531
  78 0.108154
  79 0.104777
  80 0.101399
  81 0.0980215
  82 0.0946439
  83 0.0912663
  84 0.0878886
  85 0.0845108
  86 0.081133
  87 0.0777552
  88 0.0743774
  89 0.0709995
  90 0.0676216
  91 0.0642437
  92 0.0608657
  93 0.0574878
  94 0.0541098
  95 0.0507318
  96 0.0473539
  97 0.0439759
  98 0.0405979
  99 0.0372199  