  0 0.337916
  1 0.324099
  2 0.311595
  3 0.300228
  4 0.289851
  5 0.280342
  6 0.271599
  7 0.263538
  8 0.25609
  9 0.249198
  10 0.242814
  11 0.236899
  12 0.231418
  13 0.226343
  14 0.221649
  15 0.217314
  16 0.213316
  17 0.209637
  18 0.206259
  19 0.203166
  20 0.20034
  21 0.197765
  22 0.195427
  23 0.193309
  24 0.191396
  25 0.189675
  26 0.18813
  27 0.186747
  28 0.185514
  29 0.184416
  30 0.183442
  31 0.18258
  32 0.181819
  33 0.181148
  34 0.180558
  35 0.180039
  36 0.179585
  37 0.179187
  38 0.178839
  39 0.178535
  40 0.178269
  41 0.178037
  42 0.177835
  43 0.177659
  44 0.177505
  45 0.177372
  46 0.177257
  47 0.177157
  48 0.177071
  49 0.176998
  50 0.176937
  51 0.176886
  52 0.176844
  53 0.176811
  54 0.176786
  55 0.176768
  56 0.176758
  57 0.176753
  58 0.176754
  59 0.176761
  60 0.176771
  61 0.176785
  62 0.176802
  63 0.176821
  64 0.176841
  65 0.176861
  66 0.17688
  67 0.176897
  68 0.176911
  69 0.176922
  70 0.176928
  71 0.17693
  72 0.176926
  73 0.176916
  74 0.176901
  75 0.17688
  76 0.176854
  77 0.176822
  78 0.176787
  79 0.176747
  80 0.176705
  81 0.176661
  82 0.176617
  83 0.176572
  84 0.17653
  85 0.176489
  86 0.176453
  87 0.176421
  88 0.176396
  89 0.176376
  90 0.176364
  91 0.17636
  92 0.176364
  93 0.176376
  94 0.176397
  95 0.176426
  96 0.176464
  97 0.176509
  98 0.176561
  99 0.17662  