  0 0.337916
  1 0.304085
  2 0.273651
  3 0.246277
  4 0.221655
  5 0.199507
  6 0.179581
  7 0.161652
  8 0.145518
  9 0.130998
  10 0.11793
  11 0.106166
  12 0.0955768
  13 0.0860439
  14 0.0774619
  15 0.0697357
  16 0.0627799
  17 0.0565175
  18 0.0508794
  19 0.0458034
  20 0.0412335
  21 0.0371192
  22 0.0334152
  23 0.0300806
  24 0.0270786
  25 0.024376
  26 0.021943
  27 0.0197527
  28 0.0177809
  29 0.0160059
  30 0.014408
  31 0.0129696
  32 0.0116747
  33 0.0105091
  34 0.00945983
  35 0.00851529
  36 0.00766504
  37 0.00689967
  38 0.00621071
  39 0.00559053
  40 0.00503228
  41 0.00452976
  42 0.00407741
  43 0.00367024
  44 0.00330372
  45 0.0029738
  46 0.00267682
  47 0.0024095
  48 0.00216887
  49 0.00195227
  50 0.0017573
  51 0.00158181
  52 0.00142383
  53 0.00128164
  54 0.00115364
  55 0.00103843
  56 0.000934719
  57 0.000841369
  58 0.000757341
  59 0.000681705
  60 0.000613622
  61 0.000552339
  62 0.000497177
  63 0.000447523
  64 0.000402828
  65 0.000362597
  66 0.000326384
  67 0.000293787
  68 0.000264446
  69 0.000238036
  70 0.000214263
  71 0.000192864
  72 0.000173602
  73 0.000156264
  74 0.000140658
  75 0.00012661
  76 0.000113965
  77 0.000102583
  78 9.23379e-05
  79 8.31159e-05
  80 7.48149e-05
  81 6.7343e-05
  82 6.06173e-05
  83 5.45633e-05
  84 4.91139e-05
  85 4.42088e-05
  86 3.97936e-05
  87 3.58193e-05
  88 3.22419e-05
  89 2.90219e-05
  90 2.61234e-05
  91 2.35144e-05
  92 2.11659e-05
  93 1.90521e-05
  94 1.71493e-05
  95 1.54365e-05
  96 1.38949e-05
  97 1.25071e-05
  98 1.1258e-05
  99 1.01337e-05  